6971
6176
8305
9944
1932
4180
5654
6235
6503
9397
7968
5926
5298
8719
8524
4136
2034
4728
7845
1037
4856
2970
6990
7616
670
6345
552
284
758
7094
6338
6083
8603
8861
1928
2677
2886
4644
5265
6787
8876
377
7382
6763
3930
3097
4417
5212
1826
1310
927
1031
2158
9726
6565
8233
9745
8717
1397
3242
8703
5052
3575
2616
3118
9766
8934
8909
7727
8718
5765
6490
9111
9233
375
5044
3965
2732
420
9270
9612
4647
4844
3214
771
3765
3955
5476
4630
1701
6616
2965
2537
519
6965
2270
4004
6765
5019
4240
4999
3860
7546
4033
3324
5529
516
7324
335
4983
1625
4869
9664
1780
7890
2452
1178
8016
4897
3842
70
5346
8634
2915
5204
149
380
6444
7523
3706
5463
3335
5814
230
1420
5133
6515
7900
289
5569
9878
8268
4652
1806
1763
6908
8807
9615
9576
223
863
3179
716
1634
5362
446
9436
5235
5274
7881
8789
62
4932
3320
9147
9659
9773
5504
5825
9237
2126
5151
9619
6415
6111
5730
6061
7281
234
9383
5352
1187
2783
9555
3407
3812
6488
5985
7045
6234
1149
7513
4748
618
9341
6331
8948
1980
464
9101
5434
3486
3646
7750
7540
4540
6530
3521
852
6912
3334
1917
6732
2372
8278
4454
2389
1703
1745
8479
9262
2155
9201
2928
9494
8740
2083
8119
6092
9170
4249
4882
6423
7846
1548
5662
1384
4818
5099
3998
1759
8008
4653
7018
2634
9569
9758
6927
586
8174
3630
7306
4243
3835
8956
3062
5636
5035
983
5475
4737
4191
5906
443
3461
5436
5696
4167
6578
3316
2534
8144
660
2258
4824
2781
2523
3989
569
625
3183
6523
6715
8295
7062
4924
2002
8554
5602
1431
7879
9954
6733
8202
9215
2177
8484
2110
6898
2160
3828
3783
8683
1913
7191
6766
9334
9653
8682
5043
7531
7125
1238
674
9420
5012
2253
491
1142
4689
1794
3497
3875
5644
4993
2443
8279
8013
6236
7585
118
1997
2124
77
458
3115
7483
4731
374
1863
1449
2477
4158
173
9639
6496
7683
6850
4759
5361
1545
6500
1481
9894
5572
9122
8114
731
4487
4395
8729
6377
2944
812
579
174
1765
3960
30
5426
2113
4998
8449
265
1741
826
8365
9453
1567
2931
8183
9475
2871
6459
2421
198
6310
4213
8746
6641
2417
6187
8614
6866
3655
1840
6305
6507
6988
7621
4222
8059
7102
2072
3623
4112
1164
6076
4328
7501
8721
260
2313
8839
6868
1541
2700
1584
6904
8326
4461
1443
8257
5896
4680
1126
8493
1392
2622
539
9947
4275
8750
7876
4118
5872
8701
9297
2592
4838
8739
4341
9176
671
5753
4382
9173
6184
2382
5627
7066
5065
7030
3343
8037
7172
407
5124
470
8040
4750
2223
1423
5221
7367
4439
4187
3435
9797
8579
8390
3444
4182
7543
5179
5001
9400
7751
8220
1764
5903
6551
1080
7906
266
7939
7038
8130
6102
4736
8968
5367
5153
9701
3158
1827
5243
8788
8031
7449
